9.995066821070679453e-01
9.975353574356873310e-01
9.936004880107917048e-01
9.877176029643299771e-01
9.799099193559461796e-01
9.702082505458512474e-01
9.586508845885677310e-01
9.452834331274707624e-01
9.301586513864696926e-01
9.133362299692406872e-01
8.948825592876841206e-01
8.748704675493002014e-01
8.533789333375250141e-01
8.304927739193446179e-01
8.063023105102906651e-01
7.809030118178673652e-01
7.543951172701779395e-01
7.268832414166970235e-01
6.984759610624375892e-01
6.692853867649063426e-01
6.394267203849505199e-01
6.090178004376447518e-01
5.781786370375072703e-01
5.470309382734044323e-01
5.156976298823282567e-01
4.843023701176716322e-01
4.529690617265955677e-01
4.218213629624927297e-01
3.909821995623550817e-01
3.605732796150493691e-01
3.307146132350936574e-01
3.015240389375623553e-01
2.731167585833029765e-01
2.456048827298219217e-01
2.190969881821325238e-01
1.936976894897093071e-01
1.695072260806553821e-01
1.466210666624749026e-01
1.251295324506997431e-01
1.051174407123158239e-01
8.666377003075939611e-02
6.984134861353033519e-02
5.471656687252920981e-02
4.134911541143224123e-02
2.979174945414872488e-02
2.009008064405382044e-02
1.228239703567005070e-02
6.399511989208350737e-03
2.464642564312641282e-03
4.933178929321102579e-04
4.933178929321102579e-04
2.464642564312641282e-03
6.399511989208378493e-03
1.228239703567007846e-02
2.009008064405384819e-02
2.979174945414880815e-02
4.134911541143232450e-02
5.471656687252926532e-02
6.984134861353039070e-02
8.666377003075945162e-02
1.051174407123159349e-01
1.251295324506998541e-01
1.466210666624749581e-01
1.695072260806554654e-01
1.936976894897093071e-01
2.190969881821326071e-01
2.456048827298221160e-01
2.731167585833031430e-01
3.015240389375625218e-01
3.307146132350936574e-01
3.605732796150494801e-01
3.909821995623552482e-01
4.218213629624929517e-01
4.529690617265957897e-01
4.843023701176716322e-01
5.156976298823283678e-01
5.470309382734044323e-01
5.781786370375072703e-01
6.090178004376449739e-01
6.394267203849505199e-01
6.692853867649064536e-01
6.984759610624378112e-01
7.268832414166970235e-01
7.543951172701781616e-01
7.809030118178676982e-01
8.063023105102908872e-01
8.304927739193446179e-01
8.533789333375251251e-01
8.748704675493003124e-01
8.948825592876843427e-01
9.133362299692407982e-01
9.301586513864696926e-01
9.452834331274707624e-01
9.586508845885677310e-01
9.702082505458512474e-01
9.799099193559461796e-01
9.877176029643299771e-01
9.936004880107917048e-01
9.975353574356873310e-01
9.995066821070679453e-01
