6.991481777739172454e-04
1.604973452894981056e-03
2.153688400261213887e-03
2.969015936119923094e-03
4.041800340588264095e-03
5.361137416909314557e-03
6.913322623539122636e-03
8.681074006623233641e-03
1.064766277414984363e-02
1.279657167829095776e-02
1.510400088043687555e-02
1.754930876176471338e-02
2.011618637664452230e-02
2.277946769896413426e-02
2.551514949611168037e-02
2.830556706533937650e-02
3.112841932436392206e-02
3.395507678948091884e-02
3.676493701076943843e-02
3.954082272338575732e-02
4.224669170138140029e-02
4.485666554463475786e-02
4.735686714625284011e-02
4.971066406438796187e-02
5.188462088652299325e-02
5.386171285100375267e-02
5.561389314874500001e-02
5.709873360650195850e-02
5.829670408155238071e-02
5.919965074043306158e-02
5.975602729804867230e-02
5.994503268672343732e-02
5.978064695141330903e-02
5.922700137470376935e-02
5.826262638225426782e-02
5.690855976426924950e-02
5.516523032137168880e-02
5.300823276369179271e-02
5.046256866424688597e-02
4.757537329109592927e-02
4.431064567477758370e-02
4.068920705710900310e-02
3.679374620702165199e-02
3.260368710110383289e-02
2.811769176226916467e-02
2.341720005225457479e-02
1.852405483694236077e-02
1.335045649144379724e-02
7.948600064372911625e-03
2.609737612681708313e-03
-2.609737612681709180e-03
-7.948600064372913360e-03
-1.335045649144382500e-02
-1.852405483694238852e-02
-2.341720005225458520e-02
-2.811769176226919936e-02
-3.260368710110386065e-02
-3.679374620702166587e-02
-4.068920705710901697e-02
-4.431064567477759064e-02
-4.757537329109594315e-02
-5.046256866424690679e-02
-5.300823276369180659e-02
-5.516523032137169574e-02
-5.690855976426924950e-02
-5.826262638225426782e-02
-5.922700137470377629e-02
-5.978064695141330903e-02
-5.994503268672343732e-02
-5.975602729804867230e-02
-5.919965074043305464e-02
-5.829670408155237377e-02
-5.709873360650195157e-02
-5.561389314874498613e-02
-5.386171285100374573e-02
-5.188462088652298632e-02
-4.971066406438795493e-02
-4.735686714625283317e-02
-4.485666554463474398e-02
-4.224669170138139335e-02
-3.954082272338575732e-02
-3.676493701076943843e-02
-3.395507678948091190e-02
-3.112841932436390818e-02
-2.830556706533934874e-02
-2.551514949611164568e-02
-2.277946769896412038e-02
-2.011618637664450149e-02
-1.754930876176469257e-02
-1.510400088043685474e-02
-1.279657167829093695e-02
-1.064766277414983670e-02
-8.681074006623233641e-03
-6.913322623539122636e-03
-5.361137416909328435e-03
-4.041800340588264095e-03
-2.969015936119909216e-03
-2.153688400261213887e-03
-1.604973452894981056e-03
-6.991481777739172454e-04
