-1.953099906973573526e-03
2.604826420736797778e-05
-5.815186450124144087e-04
-8.895368270604204911e-04
-1.159417983815104513e-03
-1.419937631928742429e-03
-1.668767092354232155e-03
-1.901155990360819253e-03
-2.125208026284257281e-03
-2.334603385258001915e-03
-2.509071054343646207e-03
-2.680951300342088867e-03
-2.833963390213673980e-03
-2.950126048721409683e-03
-3.052607980348235033e-03
-3.143202141557777541e-03
-3.201379346314341644e-03
-3.222633098532028378e-03
-3.245270342499656860e-03
-3.244908240812046860e-03
-3.167144106636551795e-03
-3.110746745918312531e-03
-3.026548682978008348e-03
-2.865011249744314845e-03
-2.689598530963068727e-03
-2.506005661170160239e-03
-2.256565120876966729e-03
-1.932064285211746628e-03
-1.639931928900426918e-03
-1.317639610496988255e-03
-8.242956234846870100e-04
-4.347680186440357327e-04
-2.546186992180554586e-05
5.181043788144173599e-04
1.023925301493133593e-03
1.473711446834748183e-03
1.988488646192244740e-03
2.575259993498349442e-03
3.003545823600731277e-03
3.397613360292078572e-03
4.037545822493443168e-03
4.393014927150042277e-03
4.692143535796438648e-03
5.195267936747307268e-03
5.584623373780997838e-03
5.798260333792115001e-03
6.153949066458728849e-03
6.843379641714253912e-03
7.137407713020810056e-03
6.824830698029593808e-03
6.824830698029597277e-03
7.137407713020809188e-03
6.843379641714337179e-03
6.153949066458654256e-03
5.798260333792153165e-03
5.584623373781022991e-03
5.195267936747264767e-03
4.692143535796469006e-03
4.393014927150079574e-03
4.037545822493450974e-03
3.397613360292116736e-03
3.003545823600751227e-03
2.575259993498376764e-03
1.988488646192260786e-03
1.473711446834742329e-03
1.023925301493181081e-03
5.181043788143952422e-04
-2.546186992178258788e-05
-4.347680186440085735e-04
-8.242956234846913468e-04
-1.317639610496954645e-03
-1.639931928900374225e-03
-1.932064285211725378e-03
-2.256565120876907315e-03
-2.506005661170084345e-03
-2.689598530963063089e-03
-2.865011249744222905e-03
-3.026548682977955873e-03
-3.110746745918238805e-03
-3.167144106636483273e-03
-3.244908240812013900e-03
-3.245270342499588772e-03
-3.222633098532051796e-03
-3.201379346314254040e-03
-3.143202141557810067e-03
-3.052607980348156537e-03
-2.950126048721377590e-03
-2.833963390213642321e-03
-2.680951300341991288e-03
-2.509071054343596334e-03
-2.334603385257906071e-03
-2.125208026284196999e-03
-1.901155990360755286e-03
-1.668767092354181848e-03
-1.419937631928652223e-03
-1.159417983815201874e-03
-8.895368270603380917e-04
-5.815186450123775459e-04
2.604826420738531824e-05
-1.953099906973567237e-03
